,id,saleprice
0,2658,196334.3797731262
1,2718,181164.84605724536
2,2414,202516.21668117194
3,1989,125073.44912644621
4,625,176433.11789592516
5,333,87584.14464245416
6,1327,89372.56717333163
7,858,121507.62069670635
8,95,224204.62144655662
9,1568,167643.62039625066
10,2482,165523.47797479553
11,1364,144014.48147035317
12,2584,170533.47478743255
13,818,295945.97877963143
14,2673,175643.24901613148
15,2089,124980.15614400813
16,1297,203296.06183590725
17,790,119063.60868114603
18,2616,187118.58975774216
19,720,242346.95849658115
20,222,112899.64579463113
21,557,139990.68294216218
22,1148,188691.22569466513
23,2766,158908.46792172905
24,534,200973.32288109852
25,1452,109932.80606411127
26,630,125226.67778176887
27,2648,143805.12021809365
28,125,157345.64485539676
29,1904,16484.276158228953
30,1670,107780.07548468202
31,756,113191.00311203158
32,717,292336.6046518312
33,1032,131958.59079862
34,852,216719.43907627722
35,1731,202898.2805673968
36,2639,105025.54214861101
37,2071,96813.90032047327
38,1267,117055.55028934721
39,1851,211601.35926348952
40,567,169341.47133150193
41,2439,221721.28206736417
42,1898,153778.25004722612
43,647,128937.02663660044
44,2256,209559.93711168235
45,979,77115.51137347732
46,1444,230898.9588194261
47,2485,110690.81847039855
48,157,109924.95576763872
49,88,114940.84030263018
50,2003,113265.85732537217
51,186,283535.6943244544
52,1425,271025.64924255596
53,2695,129504.23474358337
54,738,120809.46163157947
55,395,152831.22736387342
56,1353,203430.08645898392
57,1878,143524.19961077938
58,390,194230.60408669998
59,1456,252981.12703447512
60,1103,295736.8219313846
61,1387,127040.97639318855
62,2070,121104.57554533696
63,1199,213913.9650332896
64,2479,184140.12634505224
65,501,288756.6523464627
66,2362,53675.89710419037
67,1718,181250.65136021722
68,2188,21500.160693220387
69,1483,142664.3545437022
70,2557,90087.03388155863
71,437,296955.1632059284
72,2224,189659.81990397684
73,1628,199460.31264152777
74,397,117637.9278203896
75,587,189659.5163788993
76,971,152411.5119523976
77,2611,147639.2526660209
78,1887,106213.15871823422
79,2399,303311.2035839866
80,2148,208720.7865740127
81,304,171371.26980113905
82,1997,132492.66278940273
83,2817,123317.26892587694
84,1431,197652.50880261758
85,427,333226.1432047171
86,263,120952.71920331786
87,598,171361.22928674027
88,2895,247540.5922434743
89,687,186208.49336562768
90,1822,109483.03854025347
91,2191,107586.24627348833
92,179,147862.9654377173
93,1009,221353.69822331952
94,2010,119582.20772279176
95,1991,177320.11868623822
96,1411,138667.94583301016
97,1721,249337.01683336307
98,1144,199020.37477760107
99,593,246859.64105779442
100,575,257275.6642319285
101,1249,197588.65443195155
102,1604,105817.5844569905
103,1064,362578.4220912183
104,1923,155118.9267202928
105,1988,82186.17943189736
106,2325,174158.32186436965
107,114,213375.60527726423
108,2700,206754.3280954965
109,217,100651.58496074486
110,343,179469.69971946543
111,386,261685.62034645988
112,2005,109322.5139971392
113,2908,95401.10599524018
114,1814,209380.52885073997
115,2446,419803.93171090574
116,208,180966.41910527655
117,1679,138018.16818941233
118,822,302790.41432441457
119,6,183080.9605401143
120,1781,362237.87578655174
121,2397,279367.11414868257
122,2340,276477.2429681602
123,1618,170132.01280383437
124,2843,154650.84667662837
125,1061,344677.385098684
126,2786,104870.42680043957
127,1935,108018.7132472893
128,1341,127146.9450566823
129,521,304542.5344035493
130,2136,119121.57532945764
131,996,184878.96829777435
132,227,147837.8481698689
133,135,147863.19308152542
134,1167,178055.33901580158
135,294,224221.14639457923
136,1776,210549.8919924854
137,540,195957.43834610705
138,1717,181250.65136021722
139,2303,100657.01094502813
140,116,188620.27984022032
141,127,111394.78937661045
142,1371,156478.63887372633
143,1014,178788.59677124678
144,1507,95256.41701826928
145,702,166589.29676523645
146,750,199375.1902699802
147,261,159330.2282390473
148,1559,71050.80507302427
149,577,223301.616538221
150,2812,224314.5152582867
151,2080,173226.2577506088
152,1368,126322.87127246227
153,2376,106606.69452409045
154,659,97601.10690538399
155,1235,113941.3760763139
156,332,64961.637307921104
157,1917,138603.09855538738
158,2094,265142.69963396515
159,1460,305521.5549840615
160,1471,180733.25607999586
161,1509,117278.80777342734
162,1922,111915.7303987212
163,433,370281.58127337846
164,460,265774.1838205494
165,1116,260133.14131960386
166,1137,167832.9932903225
167,53,186457.70281151935
168,2354,251257.45911061062
169,1475,203536.88981644085
170,1761,461225.5102496417
171,842,126134.50162423286
172,2739,157422.191696459
173,2509,193620.90228054245
174,1007,220415.15612638977
175,2610,186977.82592900746
176,1952,90831.51912348656
177,2719,180771.31025138914
178,2921,87584.14464245416
179,1966,125948.82623458919
180,292,120769.90662413923
181,1204,230508.8928741899
182,1829,242155.4880551929
183,2419,203430.69350913892
184,391,171463.42456453652
185,798,151364.56009044425
186,481,200122.01749237315
187,193,221323.5175881942
188,555,119324.23095474017
189,899,71463.8316468636
190,2357,218686.9663430196
191,328,106008.54051883356
192,1356,130712.6049345429
193,1154,103921.23068850112
194,1730,171202.72640967296
195,2249,149706.0365188251
196,1119,284782.72573696217
197,2856,130059.66740585747
198,1394,141364.88158823084
199,2587,149746.43267068334
200,61,320254.9242217133
201,2661,232314.447403245
202,2711,140167.73243329907
203,1147,191040.89272890173
204,757,167346.24038329758
205,2623,95675.55895827114
206,2378,175151.97424960087
207,1413,151895.08633933758
208,1722,229151.5059118809
209,1112,214610.25419490822
210,1623,186883.32918514506
211,1201,201736.40510511756
212,1513,90823.0026849301
213,957,235441.90434748898
214,1171,266294.89719885204
215,1145,220467.53857742445
216,2726,226139.39200344562
217,703,182643.10343416358
218,760,55315.70550986065
219,1964,113200.647430743
220,2512,206722.0857651883
221,159,165035.67306888496
222,1281,193369.35085418573
223,468,175421.87822490008
224,290,141389.09861973234
225,665,126782.99962513693
226,1463,296857.196601446
227,1792,237421.43470274823
228,923,126099.25117137577
229,500,280038.11749057355
230,1408,113631.91709357448
231,331,42679.53485440143
232,170,120214.2631073975
233,2192,77415.61277324232
234,2571,337767.57110739243
235,2314,173143.53645145518
236,2647,98210.65694900282
237,422,346250.84539068455
238,2457,315629.2573944968
239,1838,198735.13282636323
240,2805,271528.6235725259
241,1645,168438.4664231663
242,1711,291179.22780926223
243,2825,247979.6531108494
244,322,309252.8851040376
245,2103,273236.5150221761
246,342,150790.3363809519
247,600,86735.63652181011
248,488,191980.27597024952
249,1725,291862.8077111442
250,2246,242320.16539035158
251,2847,164453.96813038128
252,806,259076.99008766978
253,530,246307.3915204033
254,963,182205.43166943258
255,2678,60620.9847881344
256,171,67276.66093945564
257,2401,340331.95594735746
258,805,224705.86084621664
259,2259,214924.08327461456
260,1748,194575.6067084884
261,1361,166987.19621760465
262,1677,148169.77891491423
263,1406,160461.3263549319
264,2322,227520.38894710116
265,688,193851.64744408874
266,143,127048.37140204484
267,804,215893.19186347138
268,1214,174785.6109563211
269,2828,161773.26413699138
270,1999,219062.32460226738
271,2467,221245.32848743183
272,2665,227210.25737182298
273,1538,371247.3359120205
274,398,99526.68843117778
275,2822,125613.2570770446
276,2157,142664.3545437022
277,1856,155994.77590539257
278,1269,124185.84128597815
279,2570,117444.85742188964
280,2320,274933.98655108036
281,1517,171659.96482365645
282,2304,87394.98260285001
283,1312,113831.55814585323
284,2012,162091.32189001152
285,506,222832.60267952867
286,2865,210118.1734924926
287,2367,137028.72768815438
288,554,134831.67580863062
289,238,142737.43152414443
290,1954,102231.15416845301
291,2488,190080.22469733199
292,2291,87584.14464245416
293,1969,108761.63211078645
294,2725,155286.72808840562
295,1482,142664.3545437022
296,2763,221893.5229632584
297,503,247247.0024055592
298,1584,231182.88754928924
299,1531,193236.58908446235
300,2210,201894.45269456852
301,459,295117.4422278346
302,556,125968.60373830932
303,1347,177713.5195188962
304,1290,93079.14264246562
305,1388,88938.3316905397
306,1571,168401.1943042622
307,2754,211441.3490999204
308,765,115912.98025383128
309,2494,114169.16575878533
310,2870,179123.0444990913
311,7,235359.92507168857
312,1114,223556.5787332688
313,2418,289232.60592639504
314,291,140103.4460148122
315,18,308400.45183515723
316,39,294417.017063512
317,1001,247679.5452606296
318,2442,241096.0946064469
319,616,126282.66046182378
320,2680,56280.2986896667
321,1414,136723.51416806926
322,289,146338.34830531702
323,40,267917.7421582239
324,860,130996.41548054834
325,409,149551.61055253286
326,673,163206.5844397527
327,2427,186550.31286253306
328,2036,214463.2823294012
329,2564,142269.46966433775
330,642,169570.17803966076
331,1008,183873.692230373
332,1908,164660.11040562435
333,2519,222640.50194819007
334,1369,122587.01929298064
335,2855,200663.56037328157
336,712,101318.7916771429
337,1943,86761.44317153777
338,1958,139712.15306835622
339,107,201081.8443795249
340,2295,174407.18548259544
341,704,110207.61130526301
342,676,124355.2090325217
343,259,191035.15676908605
344,93,288501.69015141483
345,106,260748.0479166915
346,2315,189240.7706345848
347,1050,104322.46502829113
348,1095,199221.05103942505
349,2709,133500.28083726903
350,758,186568.2692157882
351,1496,170772.66050826592
352,2370,148169.77891491423
353,2458,244403.70183498654
354,2733,117271.12602883406
355,161,284908.32659209217
356,726,192524.84376304728
357,845,218365.2110855713
358,947,274541.8821504568
359,2232,113583.68743458416
360,2563,163634.06392754617
361,2299,124968.39748863978
362,211,113690.33902950236
363,605,196315.68139651782
364,1478,222592.27228919978
365,2247,245721.451458131
366,2274,194940.4962939473
367,2869,168974.44189613828
368,967,232245.16059784082
369,2656,57663.426759319584
370,667,262983.3984007571
371,1042,143989.499175703
372,2023,197646.46931772438
373,2447,351835.90060677705
374,2055,131561.3406989951
375,2275,266767.4735887742
376,2204,182529.20859292787
377,1563,242304.6924412146
378,483,209558.35394391106
379,796,112052.72084175833
380,1526,173932.2671122082
381,2042,212136.71089696596
382,442,307351.0230195407
383,1693,300775.0432554836
384,1468,227686.51447683285
385,1430,182430.72760890026
386,2605,197977.52306621821
387,1529,211953.81598606313
388,335,122395.22853717444
389,1287,135867.00398841387
390,31,118397.97868206433
391,1785,242084.92160709496
392,82,181626.37223647148
393,2620,132874.66758369873
394,252,214331.5070161797
395,721,51650.25142659768
396,2165,167255.74466894075
397,2316,174086.92072230854
398,775,127361.75553302057
399,1558,126004.1154136555
400,17,248208.03305413536
401,1022,226197.3586517572
402,925,119904.26650531756
403,438,279425.4602033411
404,1270,145057.65994660897
405,1272,113601.9576518024
406,215,157039.97604769535
407,266,233368.33253598344
408,2402,274839.26216340985
409,1250,152777.65794075487
410,1984,119997.57627709609
411,1279,154975.83770043365
412,377,260469.02045268085
413,1252,149305.415679645
414,2156,269572.0370565293
415,499,304239.8801688516
416,1374,126398.29023336951
417,2898,272733.62302393024
418,401,99526.68843117778
419,2721,165661.61308732812
420,2078,227041.50312588926
421,2589,115079.71743851606
422,1946,284175.63358421356
423,1334,146579.93509854426
424,2781,237671.11622559666
425,431,349655.1395810129
426,576,222206.43501727734
427,1474,222487.52417647085
428,2254,169418.8951691157
429,2155,288892.1187136574
430,885,107733.27723092423
431,643,143256.2414202578
432,1944,129049.79359768113
433,480,207875.52067018053
434,2845,95443.61648375532
435,2387,306858.3232982324
436,2407,200139.60477816706
437,2527,198218.285504368
438,2514,187989.65586084712
439,629,181240.83848962656
440,80,216929.26206660792
441,1876,124123.7977268915
442,1546,140097.99034027863
443,2518,169993.59095556478
444,2347,167728.8354384081
445,783,147214.6359886925
446,1322,40063.239640358515
447,194,65010.474017066415
448,1770,278292.03689633193
449,2143,127651.13348696238
450,1229,223363.20480969138
451,511,273639.6360548148
452,46,200448.30494821272
453,1348,219246.24827226056
454,2465,220215.14600664974
455,387,256827.8592821888
456,873,205429.54608050207
457,1918,113397.4912149405
458,2764,257176.86293348283
459,2184,117726.84036697514
460,934,164362.041010792
461,1920,115712.51484647501
462,2631,169389.4733466841
463,1768,455011.65865509585
464,2040,104781.37928065573
465,1749,225479.34620164087
466,834,223031.48491911366
467,1457,245979.29325298438
468,79,125694.75782543333
469,2302,100657.01094502813
470,1817,122920.5499951377
471,2755,242932.07420377593
472,359,174011.67031328063
473,2059,104563.61332324264
474,2092,263855.6682652865
475,2516,245028.95247155047
476,150,116889.34887834615
477,1656,155095.3926202157
478,83,123161.47064628112
479,2411,163416.5424032817
480,795,75987.81757582896
481,2312,255291.69434888774
482,2917,70803.979910186
483,1624,204790.70918764998
484,2215,308896.0376067258
485,1211,153706.90799709395
486,1485,142664.3545437022
487,1024,163414.80747297165
488,570,179823.08380661203
489,2874,170543.2876580232
490,700,188991.1059010769
491,2756,222308.49532187535
492,2022,210008.35556203188
493,583,235752.41532911404
494,2392,323220.1639951214
495,2424,196346.59371611077
496,212,107554.9800607964
497,736,122518.40508011519
498,1610,177258.09191649206
499,890,110740.95161157809
500,467,170965.42738168835
501,578,287004.07697971165
502,1747,185203.73167777152
503,1149,168293.9292087341
504,2758,196730.0299156393
505,857,108667.21124819337
506,2219,291118.76741794683
507,733,129645.51295186309
508,2909,129888.26120392638
509,1798,300351.69977039413
510,235,99788.00008665115
511,2366,141056.6367058014
512,1027,141787.93188712848
513,1195,130593.14268537081
514,1303,-831.9654415284749
515,148,179550.45844450095
516,608,143863.845679099
517,2515,212698.48656921074
518,821,271432.695423431
519,2500,277907.76600284036
520,745,109290.11990429225
521,741,160206.15330541646
522,1611,151749.65533901344
523,2532,118058.63613882224
524,1081,217782.5300294514
525,1692,363278.7122823425
526,2520,213042.79980911987
527,276,120673.44730615863
528,1992,131188.27177873827
529,663,-15064.47468586707
530,418,164277.56799198783
531,1733,180437.61099735272
532,2359,158285.10397801388
533,253,204251.12888085967
534,1518,165122.62949180728
535,2035,177889.74465495555
536,2919,64961.637307921104
537,1540,240916.91398931263
538,2120,148797.46420255303
539,1674,173446.72830549334
540,256,154085.1984976213
541,2361,76113.18433669602
542,978,65302.04218893449
543,2280,150072.55157464364
544,2095,237741.68267369465
545,1709,312798.34576924273
546,2801,243920.89086553836
547,1246,101941.77621451119
548,2373,138927.11991203128
549,1055,272677.15721166565
550,2017,132180.2651149289
551,1099,271665.0828466774
552,1344,92361.20607361864
553,835,185511.17544491883
554,1117,209361.35839717483
555,2043,80932.20829814949
556,2085,111363.99524087526
557,410,178007.10935681124
558,2650,157268.35599098125
559,2867,184276.73738174242
560,1668,108385.38006564658
561,1161,206392.55609253686
562,2122,167630.2617837706
563,2539,140377.95161931714
564,1047,154905.10270045642
565,1445,110021.41508561934
566,541,94147.13486149235
567,569,196163.04945246447
568,1276,150435.44500730344
569,918,172900.63643685312
570,326,159502.33416174326
571,1936,104964.84766303265
572,895,79855.92728437445
573,257,132838.72774896238
574,1241,179147.26153059278
575,1545,128291.23323316773
576,1189,170981.2797371722
577,270,142664.3545437022
578,2066,218886.40299128552
579,693,134545.63274211058
580,1259,227377.4029367375
581,2916,132589.12210738333
582,2321,264496.2400884486
583,1977,104264.34661744075
584,1895,157433.79858928855
585,1240,163611.4994946304
586,85,141685.96425314035
587,1823,109342.29150085934
588,825,254886.97335913722
589,110,215770.24296433877
590,697,140742.27645720943
591,2297,78810.1033025762
592,1231,131663.47688486252
593,1355,131988.85376546957
594,968,302074.4403296857
595,584,258373.03597079832
596,1315,114692.96959136115
597,1606,144320.03209419685
598,206,120590.12929573559
599,1685,298244.8991720786
600,2016,127387.71394528696
601,869,234950.2501746115
602,2135,118340.46732136898
603,2346,189227.63966591287
604,2430,220269.26338799446
605,2198,94292.43088861826
606,2652,132281.1807500314
607,27,96360.73881726482
608,241,163383.9374559671
609,906,121349.4213447166
610,1506,91205.12566308389
611,2098,344398.9646848284
612,1435,209195.46051125132
613,2213,131188.72706635454
614,1274,177768.3030423248
615,743,-5370.313228816289
616,1737,192619.39959883862
617,2797,282671.4856108652
618,2185,67855.41684733925
619,58,197276.46761194532
620,830,206078.11996267547
621,808,146882.68845430666
622,680,151232.4877026002
623,1153,107706.3914540848
624,1291,163128.82349838046
625,1818,187676.0017834749
626,2161,211518.1826767196
627,1883,128248.83220460298
628,350,291040.04714829894
629,2473,123091.484120112
630,295,183699.50554970125
631,293,213139.2064856265
632,859,108825.4106001831
633,288,41660.765201321774
634,1578,139291.30977672533
635,102,176270.8416331604
636,2831,181026.10389455766
637,1030,175601.51412965058
638,2551,123232.4165007259
639,1286,168907.11766485227
640,958,303188.02704104583
641,776,123661.43040324736
642,72,181109.50812513576
643,2263,257671.39025571095
644,1866,158696.07530712523
645,2876,64725.17297389961
646,2146,280580.25063229643
647,103,203245.62516965027
648,1500,161773.26413699138
649,492,189036.45596026166
650,167,135373.38724141827
651,2597,106381.09505954527
652,2685,113111.88664669622
653,1035,155763.65133549934
654,1220,41597.36611827201
655,2602,187234.6748169041
656,2159,223984.2267729415
657,695,187930.491901566
658,1109,240779.9994275449
659,640,205121.2421061437
660,1652,162928.96514117924
661,2090,197154.51161976942
662,1188,192962.38055457998
663,2345,248446.6285141542
664,1059,352686.9024704249
665,2751,254223.55036732226
666,128,190752.35591937797
667,1523,199112.5295409986
668,2925,145013.81072347122
669,2145,291492.4601776992
670,1121,237474.33153332808
671,566,297284.48202411225
672,565,222759.46660715758
673,1331,143226.36431021002
674,2928,87202.06396688879
675,156,131555.54564725058
676,797,145408.39852821306
677,327,87584.14464245416
678,2859,168453.40820341764
679,1453,105881.51470892588
680,1762,320993.690293166
681,1868,215054.2689696099
682,1760,184219.15013977772
683,1113,265884.2461841587
684,1812,195238.75975390684
685,117,182764.4859548655
686,1142,195003.65094384845
687,2342,306486.35901833524
688,927,124899.54918151136
689,2478,211562.20045173666
690,655,51318.77596916855
691,2064,109321.1416838356
692,369,204472.42379082166
693,2239,141714.85490668626
694,2732,201945.2351884915
695,1653,164464.388051127
696,959,229687.55726612228
697,2395,300532.31179276085
698,1412,82089.72011391676
699,271,244947.73845889865
700,1484,142664.3545437022
701,1497,102564.77754121996
702,552,207720.95973069008
703,2,141375.83267786214
704,1855,253775.0624861583
705,4,239722.7961967252
706,2292,162398.36301101654
707,134,120874.82328874737
708,646,113920.63924431801
709,42,292553.7994112229
710,532,218079.45475478828
711,713,82324.31454442997
712,2561,121214.46935706699
713,2360,116929.80412213327
714,1333,117761.10436333038
715,1407,210745.15905936653
716,2892,267833.2923792151
717,574,246631.851375323
718,1227,178473.78123503856
719,2591,257576.30325103397
720,1476,204210.2183494563
721,1125,272122.7006670078
722,1446,113870.20257806097
723,408,124096.62521431508
724,1101,296928.74950604583
725,2251,158969.76945746245
726,373,207750.457434391
727,2554,112317.04061978063
728,2382,272435.9330354447
729,1985,87258.00894915339
730,519,231829.42297607518
731,1093,190645.24258638863
732,864,275213.02046554594
733,2889,156832.55412975853
734,2308,203260.9799349295
735,986,144075.93476862533
736,1302,181453.17201230148
737,585,175136.65306300265
738,2708,140935.3300663689
739,147,123263.36239899986
740,1441,210646.12366665786
741,383,168796.54092169783
742,285,142810.0364276299
743,181,125381.61812760626
744,358,172663.20243567028
745,780,166880.4096494883
746,258,218850.90165482493
747,1865,229912.26294477543
748,692,144187.77436513302
749,2902,292210.09322146873
750,508,283475.0166282165
751,2638,139850.28818088883
752,36,173569.9807297034
753,611,189254.88805975867
754,2281,113710.2850851017
755,1678,148169.77891491423
756,1696,349720.06273990497
757,1557,78312.19879033792
758,2180,147006.39616613308
759,1726,232153.52021398846
760,951,140968.39030129972
761,267,246974.90821233377
762,2706,115254.98969675452
763,2221,190143.5478991123
764,1357,192707.2665969934
765,2901,275799.93019497965
766,347,206034.9433320765
767,2164,199781.09178135978
768,1586,293133.7758698714
769,360,159949.89467833433
770,1769,229744.84098300952
771,2617,205946.4860731072
772,1879,151603.2314317325
773,991,214150.7496817291
774,1535,124484.2732978169
775,1191,157076.73378705434
776,1579,227094.77936281599
777,1882,138556.75558924585
778,1510,126539.07085144462
779,2196,165430.57084915924
780,1845,176270.8416331604
781,2336,339924.7580039436
782,942,112858.88702576651
783,861,108783.1445448166
784,2555,95742.73142701844
785,1392,135122.19843206796
786,2099,273236.5150221761
787,1543,154860.79818970241
788,948,253310.50494458785
789,1239,147837.8481698689
790,22,195006.20377878108
791,2796,247629.7492232085
792,2747,163023.00659742547
793,92,298358.05198996107
794,210,150075.3552931798
795,1858,232415.95329916195
796,2228,214248.61716514683
797,447,220049.32400199558
798,827,226234.34403492438
799,1649,227798.37086268104
800,682,128254.11287680239
801,2698,140364.42445495777
802,494,198067.464371894
803,214,103159.5272282406
804,2441,257461.95312218202
805,2679,124967.25281914431
806,1336,115456.12124619467
807,465,197739.4419857445
808,1524,161201.7514754253
809,2543,131447.91793471613
810,631,118216.53196573447
811,2452,308594.4392593446
812,228,170193.9046003823
813,126,123760.14548153797
814,1092,200448.30494821272
815,1122,204683.00559384612
816,932,206030.88321064194
817,1980,84385.51419995725
818,2171,92766.38235098543
819,551,172846.61172611834
820,2768,176776.53734994234
821,2056,113910.88546565623
822,1159,337592.29884915403
823,2645,151952.32775363643
824,1174,200926.67638987946
825,2266,211118.3797421621
826,2462,342890.3180917697
827,1219,115222.36796009945
828,2922,197287.80455837838
829,118,138597.07585983473
830,474,183293.71577172456
831,2576,158342.4635761705
832,872,254325.57709323932
833,1077,233021.65407581392
834,1536,148372.5863027355
835,1150,118251.55477478344
836,2341,272817.54163405334
837,1931,122653.81235538106
838,2785,110980.19642434036
839,2538,111990.9808077492
840,597,235461.15068232347
841,464,212582.85679766504
842,233,216522.5952920797
843,2169,115936.53114324893
844,2123,170940.67273084636
845,1867,172765.7771198134
846,137,248672.45562250752
847,515,236929.7046486014
848,933,154069.8014297537
849,2784,183529.1448962009
850,972,159201.31573629088
851,599,169416.49409672178
852,2614,132994.8718562241
853,2582,133359.66877107316
854,1409,180603.66064581505
855,175,91557.78451621768
856,352,235230.40551877717
857,976,65302.04218893449
858,2134,216665.09405112438
859,984,80594.60068521739
860,2396,302678.1026509501
861,1673,162689.9143935441
862,404,141056.6367058014
863,607,151995.63935743374
864,814,152848.5279139303
865,868,223369.16841331517
866,2271,185620.0763496921
867,1633,243108.68519663703
868,337,206439.22582355127
869,2765,147567.48890695345
870,1746,220292.35898979587
871,368,289439.64198753017
872,2806,206816.73427158952
873,1662,197671.45161237454
874,1234,202392.14635233916
875,1373,124295.50745390006
876,1672,95729.90398342398
877,1939,115880.60295032483
